a<-5
b<-50
c<-80
